-0 -1
-0 -2
-0 -3
-1 -0
-1 -2
-1 -3
-2 -0
-2 -1
-2 -3
-3 -0
-3 -1
-3 -2
-4 -5
-4 -6
-4 -7
-5 -4
-5 -6
-5 -7
-6 -4
-6 -5
-6 -7
-7 -4
-7 -5
-7 -6
-8 -9
-8 -10
-8 -11
-9 -8
-9 -10
-9 -11
-10 -8
-10 -9
-10 -11
-11 -8
-11 -9
-11 -10
-12 -13
-12 -14
-12 -15
-13 -12
-13 -14
-13 -15
-14 -12
-14 -13
-14 -15
-15 -12
-15 -13
-15 -14
-16 -17
-16 -18
-16 -19
-16 -17
-16 -20
-16 -21
-18 -22
-18 -16
-18 -23
-18 -22
-18 -20
-18 -24
-20 -25
-20 -16
-20 -26
-20 -25
-20 -18
-20 -27
-17 -16
-17 -19
-17 -18
-17 -16
-17 -21
-17 -20
-19 -23
-19 -17
-19 -22
-19 -23
-19 -21
-19 -24
-21 -26
-21 -17
-21 -25
-21 -26
-21 -19
-21 -27
-22 -18
-22 -23
-22 -16
-22 -18
-22 -24
-22 -20
-23 -19
-23 -22
-23 -17
-23 -19
-23 -24
-23 -21
-24 -27
-24 -22
-24 -25
-24 -27
-24 -23
-24 -26
-25 -20
-25 -26
-25 -16
-25 -20
-25 -27
-25 -18
-26 -21
-26 -25
-26 -17
-26 -21
-26 -27
-26 -19
-27 -24
-27 -25
-27 -22
-27 -24
-27 -26
-27 -23
-28 -29
-28 -30
-28 -31
-29 -28
-29 -30
-29 -31
-30 -28
-30 -29
-30 -31
-31 -28
-31 -29
-31 -30
-32 -33
-32 -34
-32 -35
-33 -32
-33 -34
-33 -35
-34 -32
-34 -33
-34 -35
-35 -32
-35 -33
-35 -34
-36 -37
-36 -38
-36 -39
-37 -36
-37 -38
-37 -39
-38 -36
-38 -37
-38 -39
-39 -36
-39 -37
-39 -38
-40 -41
-40 -42
-40 -43
-41 -40
-41 -42
-41 -43
-42 -40
-42 -41
-42 -43
-43 -40
-43 -41
-43 -42
-44 -45
-44 -46
-44 -47
-44 -45
-44 -48
-44 -49
-46 -50
-46 -44
-46 -51
-46 -50
-46 -48
-46 -52
-48 -53
-48 -44
-48 -54
-48 -53
-48 -46
-48 -55
-45 -44
-45 -47
-45 -46
-45 -44
-45 -49
-45 -48
-47 -51
-47 -45
-47 -50
-47 -51
-47 -49
-47 -52
-49 -54
-49 -45
-49 -53
-49 -54
-49 -47
-49 -55
-50 -46
-50 -51
-50 -44
-50 -46
-50 -52
-50 -48
-51 -47
-51 -50
-51 -45
-51 -47
-51 -52
-51 -49
-52 -55
-52 -50
-52 -53
-52 -55
-52 -51
-52 -54
-53 -48
-53 -54
-53 -44
-53 -48
-53 -55
-53 -46
-54 -49
-54 -53
-54 -45
-54 -49
-54 -55
-54 -47
-55 -52
-55 -53
-55 -50
-55 -52
-55 -54
-55 -51
-56 -57
-56 -58
-56 -59
-57 -56
-57 -58
-57 -59
-58 -56
-58 -57
-58 -59
-59 -56
-59 -57
-59 -58
-60 -61
-60 -62
-60 -63
-61 -60
-61 -62
-61 -63
-62 -60
-62 -61
-62 -63
-63 -60
-63 -61
-63 -62
-64 -65
-64 -66
-64 -67
-65 -64
-65 -66
-65 -67
-66 -64
-66 -65
-66 -67
-67 -64
-67 -65
-67 -66
-68 -69
-68 -70
-68 -71
-69 -68
-69 -70
-69 -71
-70 -68
-70 -69
-70 -71
-71 -68
-71 -69
-71 -70
-72 -73
-72 -74
-72 -75
-72 -73
-72 -76
-72 -77
-74 -78
-74 -72
-74 -79
-74 -78
-74 -76
-74 -80
-76 -81
-76 -72
-76 -82
-76 -81
-76 -74
-76 -83
-73 -72
-73 -75
-73 -74
-73 -72
-73 -77
-73 -76
-75 -79
-75 -73
-75 -78
-75 -79
-75 -77
-75 -80
-77 -82
-77 -73
-77 -81
-77 -82
-77 -75
-77 -83
-78 -74
-78 -79
-78 -72
-78 -74
-78 -80
-78 -76
-79 -75
-79 -78
-79 -73
-79 -75
-79 -80
-79 -77
-80 -83
-80 -78
-80 -81
-80 -83
-80 -79
-80 -82
-81 -76
-81 -82
-81 -72
-81 -76
-81 -83
-81 -74
-82 -77
-82 -81
-82 -73
-82 -77
-82 -83
-82 -75
-83 -80
-83 -81
-83 -78
-83 -80
-83 -82
-83 -79
-84 -0 28
-84 -1 29
-84 -2 30
-84 -3 31
-16 -4 28
-16 -5 29
-16 -6 30
-16 -7 31
-18 -8 28
-18 -9 29
-18 -10 30
-18 -11 31
-20 -12 28
-20 -13 29
-20 -14 30
-20 -15 31
-17 -0 32
-17 -1 33
-17 -2 34
-17 -3 35
-85 -4 32
-85 -5 33
-85 -6 34
-85 -7 35
-19 -8 32
-19 -9 33
-19 -10 34
-19 -11 35
-21 -12 32
-21 -13 33
-21 -14 34
-21 -15 35
-22 -0 36
-22 -1 37
-22 -2 38
-22 -3 39
-23 -4 36
-23 -5 37
-23 -6 38
-23 -7 39
-86 -8 36
-86 -9 37
-86 -10 38
-86 -11 39
-24 -12 36
-24 -13 37
-24 -14 38
-24 -15 39
-25 -0 40
-25 -1 41
-25 -2 42
-25 -3 43
-26 -4 40
-26 -5 41
-26 -6 42
-26 -7 43
-27 -8 40
-27 -9 41
-27 -10 42
-27 -11 43
-87 -12 40
-87 -13 41
-87 -14 42
-87 -15 43
-0 84 16 18 20 28
-1 84 16 18 20 29
-2 84 16 18 20 30
-3 84 16 18 20 31
-4 17 85 19 21 32
-5 17 85 19 21 33
-6 17 85 19 21 34
-7 17 85 19 21 35
-8 22 23 86 24 36
-9 22 23 86 24 37
-10 22 23 86 24 38
-11 22 23 86 24 39
-12 25 26 27 87 40
-13 25 26 27 87 41
-14 25 26 27 87 42
-15 25 26 27 87 43
-88 -28 56
-88 -29 57
-88 -30 58
-88 -31 59
-44 -32 56
-44 -33 57
-44 -34 58
-44 -35 59
-46 -36 56
-46 -37 57
-46 -38 58
-46 -39 59
-48 -40 56
-48 -41 57
-48 -42 58
-48 -43 59
-45 -28 60
-45 -29 61
-45 -30 62
-45 -31 63
-89 -32 60
-89 -33 61
-89 -34 62
-89 -35 63
-47 -36 60
-47 -37 61
-47 -38 62
-47 -39 63
-49 -40 60
-49 -41 61
-49 -42 62
-49 -43 63
-50 -28 64
-50 -29 65
-50 -30 66
-50 -31 67
-51 -32 64
-51 -33 65
-51 -34 66
-51 -35 67
-90 -36 64
-90 -37 65
-90 -38 66
-90 -39 67
-52 -40 64
-52 -41 65
-52 -42 66
-52 -43 67
-53 -28 68
-53 -29 69
-53 -30 70
-53 -31 71
-54 -32 68
-54 -33 69
-54 -34 70
-54 -35 71
-55 -36 68
-55 -37 69
-55 -38 70
-55 -39 71
-91 -40 68
-91 -41 69
-91 -42 70
-91 -43 71
-28 88 44 46 48 56
-29 88 44 46 48 57
-30 88 44 46 48 58
-31 88 44 46 48 59
-32 45 89 47 49 60
-33 45 89 47 49 61
-34 45 89 47 49 62
-35 45 89 47 49 63
-36 50 51 90 52 64
-37 50 51 90 52 65
-38 50 51 90 52 66
-39 50 51 90 52 67
-40 53 54 55 91 68
-41 53 54 55 91 69
-42 53 54 55 91 70
-43 53 54 55 91 71
0
5
10
15
60
64
70
0
---
{0: "[1, 'A', 1, 0, 'val']", 1: "[1, 'B', 2, 0, 'val']", 2: "[1, 'C', 3, 0, 'val']", 3: "[1, 'D', 4, 0, 'val']", 4: "[2, 'A', 1, 0, 'val']", 5: "[2, 'B', 2, 0, 'val']", 6: "[2, 'C', 3, 0, 'val']", 7: "[2, 'D', 4, 0, 'val']", 8: "[3, 'A', 1, 0, 'val']", 9: "[3, 'B', 2, 0, 'val']", 10: "[3, 'C', 3, 0, 'val']", 11: "[3, 'D', 4, 0, 'val']", 12: "[4, 'A', 1, 0, 'val']", 13: "[4, 'B', 2, 0, 'val']", 14: "[4, 'C', 3, 0, 'val']", 15: "[4, 'D', 4, 0, 'val']", 16: "[1, '', 2, 0, 'ass']", 17: "[2, '', 1, 0, 'ass']", 18: "[1, '', 3, 0, 'ass']", 19: "[2, '', 3, 0, 'ass']", 20: "[1, '', 4, 0, 'ass']", 21: "[2, '', 4, 0, 'ass']", 22: "[3, '', 1, 0, 'ass']", 23: "[3, '', 2, 0, 'ass']", 24: "[3, '', 4, 0, 'ass']", 25: "[4, '', 1, 0, 'ass']", 26: "[4, '', 2, 0, 'ass']", 27: "[4, '', 3, 0, 'ass']", 28: "[1, 'A', 1, 1, 'val']", 29: "[1, 'B', 2, 1, 'val']", 30: "[1, 'C', 3, 1, 'val']", 31: "[1, 'D', 4, 1, 'val']", 32: "[2, 'A', 1, 1, 'val']", 33: "[2, 'B', 2, 1, 'val']", 34: "[2, 'C', 3, 1, 'val']", 35: "[2, 'D', 4, 1, 'val']", 36: "[3, 'A', 1, 1, 'val']", 37: "[3, 'B', 2, 1, 'val']", 38: "[3, 'C', 3, 1, 'val']", 39: "[3, 'D', 4, 1, 'val']", 40: "[4, 'A', 1, 1, 'val']", 41: "[4, 'B', 2, 1, 'val']", 42: "[4, 'C', 3, 1, 'val']", 43: "[4, 'D', 4, 1, 'val']", 44: "[1, '', 2, 1, 'ass']", 45: "[2, '', 1, 1, 'ass']", 46: "[1, '', 3, 1, 'ass']", 47: "[2, '', 3, 1, 'ass']", 48: "[1, '', 4, 1, 'ass']", 49: "[2, '', 4, 1, 'ass']", 50: "[3, '', 1, 1, 'ass']", 51: "[3, '', 2, 1, 'ass']", 52: "[3, '', 4, 1, 'ass']", 53: "[4, '', 1, 1, 'ass']", 54: "[4, '', 2, 1, 'ass']", 55: "[4, '', 3, 1, 'ass']", 56: "[1, 'A', 1, 2, 'val']", 57: "[1, 'B', 2, 2, 'val']", 58: "[1, 'C', 3, 2, 'val']", 59: "[1, 'D', 4, 2, 'val']", 60: "[2, 'A', 1, 2, 'val']", 61: "[2, 'B', 2, 2, 'val']", 62: "[2, 'C', 3, 2, 'val']", 63: "[2, 'D', 4, 2, 'val']", 64: "[3, 'A', 1, 2, 'val']", 65: "[3, 'B', 2, 2, 'val']", 66: "[3, 'C', 3, 2, 'val']", 67: "[3, 'D', 4, 2, 'val']", 68: "[4, 'A', 1, 2, 'val']", 69: "[4, 'B', 2, 2, 'val']", 70: "[4, 'C', 3, 2, 'val']", 71: "[4, 'D', 4, 2, 'val']", 72: "[1, '', 2, 2, 'ass']", 73: "[2, '', 1, 2, 'ass']", 74: "[1, '', 3, 2, 'ass']", 75: "[2, '', 3, 2, 'ass']", 76: "[1, '', 4, 2, 'ass']", 77: "[2, '', 4, 2, 'ass']", 78: "[3, '', 1, 2, 'ass']", 79: "[3, '', 2, 2, 'ass']", 80: "[3, '', 4, 2, 'ass']", 81: "[4, '', 1, 2, 'ass']", 82: "[4, '', 2, 2, 'ass']", 83: "[4, '', 3, 2, 'ass']", 84: "[1, '', 1, 0, 'ass']", 85: "[2, '', 2, 0, 'ass']", 86: "[3, '', 3, 0, 'ass']", 87: "[4, '', 4, 0, 'ass']", 88: "[1, '', 1, 1, 'ass']", 89: "[2, '', 2, 1, 'ass']", 90: "[3, '', 3, 1, 'ass']", 91: "[4, '', 4, 1, 'ass']"}